epoch	train_loss	valid_loss	accuracy	error_rate	time
0	1.214996	41.240814	0.092000	0.908000	01:10
1	0.697095	9.533160	0.183000	0.817000	01:08
2	0.539379	116.337418	0.095000	0.905000	01:08
3	0.520934	41.764847	0.096000	0.904000	01:08
4	0.361062	46.176693	0.096000	0.904000	01:08
5	0.256999	32.475281	0.185000	0.815000	01:08
6	0.223099	63.680874	0.086000	0.914000	01:08
7	0.174708	1.361103	0.681000	0.319000	01:08
8	0.119329	0.098908	0.973000	0.027000	01:08
9	0.109155	0.149543	0.963000	0.037000	01:08

Correct: 4884
Incorrect: 116

Accuracy: 97.6%